605410550412025856
605410296820330497
605410210711257089
605409058686955521
605408912393633792
605407776408367105
605406341360787456
605405555851591680
605404322227232768
605381973511520257
605381032028692480
605380018181705729
605335492650012672
605335272532938753
605299592377176064
605296040380612608
605279208089206784
605279119488757760
605277775210020864
605277463132831744
605275080927477760
605274263654776832
605273934477570048
605273883202187264
605273622735773697
605273192786235392
605271132858683392
605270841538969601
605270619643445248
605270099923079168
605269200211451905
605268908954677248
605268620252307456
605268264374013952
605267978448310272
605267954285072385
605267853718261760
605267242050125824
605267039838609408
605267004275224576
605266817427243008
605266669318062080
605266668214849536
605266599575027713
605266463536979969
605266377189015552
605266208292749312
605265997273137152
605265510368813056
605265221574381568
605264804606001152
605264609063411713
605264582454542337
605264438350901248
605264369707044865
605264081705123842
605264022456299520
605262323729600512
605262062382510080
605261949417291777
605261766466125824
605261382439841792
605261223286972416
605261108736339968
605261057062371329
605260405565366272
605260218092511232
605260112580603904
605259561738444802
605259121680629760
605258741638823936
605257896717369344
605257633726013440
605257575211241472
605257357996748800
605256900050100224
605256797549678593
605252032480440320
605248212992065536
605245290996723713
605244723859701760
605244646097350656
605243683433234434
605243191604985856
605242562438397952
605242296901246977
605241323386470400
605240865666297856
605240839791624192
605237947206651905
605237449728532480
605237096534654976
605236581465788417
605235171009392640
605223422637973504
605223358381170688
605222523236589568
605222495239598080
605221399070961664
605209764591767553
605200056023515136
605200048368947202
605199856869580800
605199288021295105
605197235157143552
605196828905078785
605196357654167552
605196332647739393
605195998495793152
605195866433978369
605195738918756352
605195348718419968
605195257798606848
605194330630856704
605194243057938432
605194132659814400
605193722955972608
605193717843140609
605193680228524032
605193236295086082
605189551531945984
605189044788707328
605188795131174912
605187131581956096
605187004574240768
605186328188190720
605185451691868160
605184408375599105
605183989062582272
605183684795371520
605182952658472960
605182374754807808
605181544156663808
605181480210276352
605181439571836928
605175804960641026
605175427137572864
605174835489177600
605174615275671552
605174595822481408
605173934208761856
605172509705695232
605172292142907392
605156579147575296
605156212569538561
605156198749380608
605155600268279808
605154469274370048
605148292197060609
605143314812141568
605141557147246595
605139020939718656
605138582504939521
605137600064593920
605137287710523392
605137069921337344
605136974240833536
605136952430604288
605136890912772096
605136881639157760
605136767012896769
605136632933720065
605136596958994432
605136483390005248
605134029705199616
605134009446879232
605133646832402432
605131071018135553
605130790876278784
605130104608419841
605129775020183552
605127953077301248
605126898042159107
605126335774781442
605126182627983360
605125867371560960
605124886181355520
605124754278875137
605124519511109632
605124488124989440
605124200668348417
605122771639783427
605120432069476352
605119580294348800
605119105243291648
605117452725321729
605115751608029184
605108765604519936
605108100845174784
605106259994378240
605106192218779648
605104826251386881
605104322553217027
605103856817684480
605103391774142464
605103365253562368
605100659688349696
605100283220230144
605095407962746881
605095054936403968
605094760655626242
605094391783542784
605094379775270912
605094097070653440
605091463991468032
605083787391864834
605082211264528384
605080057695113216
605079532815708160
605079469519310848
605078688779120642
605077553678848000
605077261302263808
605076418922307584
605075591067369472
605067853004304385
605061180302999552
605049440030695425
605007599621287937
604993896251301888
604990654746345472
604986328724422656
604979699534536704
604969020333289473
604966766264107008
604966486378205184
604964560936837120
604952146975584256
604951997750607872
604948105411338240
604946274157260800
604946217705967616
604946091885375488
604945895587610624
604931416997142528
604929353567182848
604915826278449152
604915451978579968
604913129135312896
604912183059824640
604909989413580800
604909561015889920
604905786238599168
604904008780644352
604902357370056704
604901487613870081
604900993164181505
604894948647788544
604880264616132608
604876273312133120
604876160812466176
604875589699248128
604875370668556288
604874486777679872
604874472433184768
604874431555497984
604874337104080897
604872775602438144
604836572656242688
604830428936036352
604828293091594240
604826969549733888
604823835058126848
604819221269192704
604816227345657856
604814364399403008
604810033721769984
604806485801996288
604804532925644801
604803385267613696
604802931955605504
604802754565922816
604802673645252609
604801101997572097
604801028169465857
604800901186846720
604800717702840321
604800612505485314
604800079468228608
604800008521547776
604799538050703360
604799216737611777
604798473779609600
604794548666040320
604793265079001088
604792845455663105
604792745224478721
604792302368727040
604789770124951552
604783686534463488
604779352593555456
604775630652080128
604771789089161216
604770542382645248
604769109788782592
604768294906634240
604761200103034880
604761137255575552
604760068081479680
604758566524866561
604757407194083328
604752852385296385
604750244232847360
604750102767411200
604748882128478208
604748429076623360
604748357593100288
604747526147706882
604747384862703616
604747318739369985
604747052321501186
604746980435165184
604746868132876289
604746479916449792
604745472264118272
604742734361051136
604742102983925760
604741666092785664
604739438002831360
604737041314770944
604736658941034498
604736443320123392
604736270028402688
604735705370140672
604735202275885056
604733674869788672
604732690521157632
604731938839011328
604729949371703297
604729704000667648
604729127208296448
604728513594130432
604728463958908928
604727484920168448
604726750606729216
604726349631254528
604725853382131712
604725693239427072
604725237972893696
604724259491971073
604723009983639552
604722514015711232
604721349538496512
604720531615576064
604720106971623425
604719573498241026
604719090285068288
604718367484878848
604718068770684928
604717091825008640
604716208441552896
604715298290315264
604711678916337666
604711600604516353
604709925701287936
604709727495450624
604705505219616768
604702657526140928
604700953086849025
604700732760027136
604699356747296768
604698257516851200
604697801109311488
604695886380322816
604692995141738497
604691722426130432
604691539424473088
604690916893278208
604687803021180928
604687339869351936
604686718936227841
604686573020561408
604686527604604928
604685523047714816
604682386572472320
604682025803509760
604681052078997505
604678876971823104
604678410795782144
604677901280083968
604677624946814977
604677074876391424
604673254683344896
604673014299435008
604672180035579904
604671626811199489
604671488822808577
604671461723373568
604671099146780672
604670862504128512
604670742874189824
604670171077165056
604670083693182976
604670038298226689
604669882148339713
604669790725238784
604669437061558274
604668881723080706
604668278921961472
604667691496906752
604667629400428544
604667465319071747
604667330002591744
604667274650251264
604667254794555393
604666860005675008
604666703155499009
604666561190850560
604665997052755969
604665057750958080
604664863151898624
604664834953748480
604663995086319617
604662588513878017
604662537662144512
604661922017845248
604661652957462528
604661140317073408
604660293512224769
604659958433611776
604659846370041856
604659189898571776
604659007429566464
604658484697792512
604658350215720961
604658340677971968
604658227683287041
604657960871206912
604657360410279936
604657099197448192
604656928367759361
604655595069710338
604655372117245952
604654925986021376
604653303847206912
604653101140844544
604653001106554881
604652604774318080
604652349026533376
604651755566014466
604651464498147330
604651418537062401
604650965673897986
604562003487649792
604553130731110400
604530741536382976
604530250245140480
604527536438050816
604526246685335552
604525200458182656
604522473053224960
604520869377892353
604516062126845952
604515985450770433
604515600858292224
604515351729176576
604515253452337152
604514946571845632
604514772327882753
604514648960819200
604509569709142016
604509338166640640
604507631185707010
604506943718367232
604506415307186176
604505234417840128
604503864415363074
604501961677770752
604498431617294337
604497684968267776
604496885164867588
604494979508092928
604494074930864129
604494009050894336
604493112963178496
604489174188740608
604488111402315776
604488003054993408
604487432294133760
604487117872332800
604486943678861313
604486524768387072
604486279456268288
604485596304838657
604485340146085889
604485233644150784
604485059752525825
604485038072307712
604484925895647233
604484391042207744
604484152486805505
604484095276642304
604483627876020224
604483523446222848
604483362430939137
604483334136315905
604483285734068224
604483235184320512
604481394434150400
604480193600868352
604479841245630464
604479348792545280
604474857384873984
604470758912487425
604469042775130112
604468806266810368
604468570186235904
604464939626049537
604464410355040257
604455085758816256
604447501861580800
604447197992742912
604441228956999680
604438555063021570
604438362741714944
604437898801221632
604437422160658433
604437203146678272
604436499266871296
604436066444046337
604435921585479680
604435766194896898
604435658724261889
604435322227654657
604435029968551936
604435007956910080
604434938465763329
604434813789962240
604434700732473344
604434696026619904
604434665328369664
604434632172400640
604434554779107329
604434454292086784
604434373270634496
604434341582667776
604434326088867841
604434007904808960
604432175115567104
604430807407702019
604430806027624448
604430166580817920
604403229053427712
604398638459011072
604397856879960064
604397237779709952
604394393571844097
604394238546038785
604393859150434304
604393800295944193
604391062510034944
604387394079490048
604385589085904896
604385397691535360
604385357094756352
604385197296087040
604385178299949056
604383775108157440
604383740035469314
604383558606688256
604382866575872002
604377869838475265
604377423719895040
604377194282885120
604371819370389504
604370305209995264
604362255468269568
604362237235445761
604362235444629504
604358843099959297
604353968551022592
604352481510957056
604350897615937536
604339981201461248
604331790912851968
604321420664016896
604315673561452544
604312430097768448
604312301202612224
604311426329542656
604311248738598912
604310077575667712
604309786583273472
604309763090833408
604309735639109633
604308660131631105
604305425215799298
604299909454397443
604299838797135872
604298469113659394
604298244781289472
604297712620687361
604297353160429568
604295245635936257
604294789887062016
604294337011187712
604294230597476352
604293798248714241
604293685510041602
604293206268747776
604293128632340481
604292677232910338
604291268366086144
604287589567221760
604286213877567492
604285871764951040
604285536388431872
604284552455065600
604284404223975424
604284395189469184
604284319360815104
604284253858209792
604284174816534529
604284066943258624
604283715699646465
604279002979786752
604266002868768768
604243471969447936
604183506734829568
604167896042852352
604143847606603776
604143767369588737
604141885775429632
604126638159323137
604122130444206080
604119442801340416
604118584743317505
604098240439570433
604093077557530624
604091789461467136
604086340624465921
604084594179092480
604084432765591552
604084191521816576
604084054347014145
604083869017600000
604083005666164737
604076596551651328
604075171683532801
604072824509190145
604070877165002752
604070526529622016
604069881315598336
604069339986153472
604068567210926081
604068303200387072
604068270392496128
604067706749353985
604067538939592704
604065987588198400
604065702090252288
604064611071959040
604063719908220929
604063417914163200
604062634170798080
604058773393539073
604058686105866242
604057397066362880
604056164091838464
604054533984100352
604052788553895936
604050357166174209
604049749205897216
604048993602031616
604048557717524480
604047574643814400
604046075343806464
604045687324418049
604044688144752641
604044541474279424
604043287071232000
604042264759943169
604042024959021056
604041897980526592
604041793232080897
604041710050500608
604041229408411648
604040943621120001
604040701098110976
604040146745495552
604039194038534147
604038654063820801
604038577777860608
604038239897309184
604037589650259969
604037537368178688
604037129627295745
604036786151645184
604036772767498240
604036760574791680
604036497537269760
604036318801301504
604036207908098048
604036170410926081
604036154631970817
604036078715191296
604036005960794113
604036000059236352
604035930706558976
604035906148900864
604035487532204032
604035335631323137
604035262964981760
604034894864326656
604034675900743680
604034658951634944
604034635492818944
604034512453001216
604034498225967104
604034286707200000
604034161641418752
604033834737405952
604033659826475008
604032360804413440
604031755885006848
604031611563315201
604031575043350528
604030946317193216
604030933273055232
604030828369174528
604022280037998592
604019467912273921
604018217951064064
604017641003552768
604017152316735489
604016447552110593
604006828440084481
604006525745635328
604005174244438017
604003930318585856
604003593536962561
604003364909621248
604001965798916096
604001571060518913
604001409730777088
604000452447965184
604000419661094912
603999545777876992
603994487375945728
603991215978086401
603990798984589312
603990495501615105
603990294309150720
603988849463820288
603977408862015488
603971019435454464
603969697508294657
603968654430969857
603955662851198976
603934321146077184
603932000676913152
603930900099923968
603927389232615424
603924350413115392
603924131650936834
603918943414165505
603916878675841025
603911086291755011
603910824709771264
603910288845312000
603910076634628097
603910073501515776
603910062655045632
603909788653592576
603906035284353025
603905864706105344
603904031031853056
603902655509835777
603901473970335745
603898599332835328
603897881972604928
603897850888617984
603897121381732352
603897002867433475
603896616437813248
603891678378754048
603889409029578752
603888877858856960
603888578100342785
603888369412788224
603886458215141376
603883168631025664
603880913693442048
603877034926870529
603876137291374594
603836174428405760
603809362646331392
603786715174670336
603774795600306176
603761839738982400
603750412554993664
603750306946625536
603745611884670978
603737514059374592
603733083406258176
603731241565757440
603730760298725376
603727852031221760
603726866005000192
603726352290861056
603725729629609986
603720226320982016
603717213921509376
603716791907516416
603716747150159872
603715569435566080
603714081577693185
603706069710327808
603699767198253056
603695348083724288
603692750203179008
603688818311442432
603688459845300224
603688117145444352
603685994542604288
603669207822241792
603667561029488640
603667438249484288
603667082270543872
603666878456668160
603665656215576576
603665246289567745
603664611930316800
603664440987291648
603664429935403009
603664421538295808
603664175143854080
603663958411649024
603663951751065601
603663650818109443
603663196579209216
603662831351894016
603661895955001344
603661606019473409
603661377132240899
603660109999435776
603659184412893184
603658985317781505
603658798629298176
603657134908252161
603657012958867457
603656867131367424
603656797304430592
603656749174784000
603656165143269376
603656095459057665
603656076702195712
603655955876679680
603655728432345088
603655250755624961
603655037416448000
603654941455024128
603654807375761408
603654656879759360
603654652861657088
603653458886012928
603652701751246848
603647021363363840
603644160080412673
603633604527149056
603631919004266496
603631273685356544
603629675198423040
603629229633183746
603628477753921536
603626102544818177
603621848283242496
603621431319011328
603621219477360641
603620900580261888
603620637748396032
603611818540412928
603608143164121088
603605548408250369
603564279908999168
603562700254359553
603562584130850816
603560571519238145
603560539558641664
603560111492243459
603559370769727488
603552531134939136
603539783739146240
603537048578990080
603530929210925056
603529148343001089
603528562897879040
603527797168943104
603527646039834624
603527604285476864
603523222299107328
603522307659796480
603521294227898368
603520929482854401
603520593967849473
603520061404479488
603519530170601473
603519246870675456
603518098059104257
603515758920863744
603514443675361280
603513931097735168
603513883064725504
603513708283703296
603513602457391105
603430249498476545
603420188306964480
603414935612231680
603405248993042433
603403299656704000
603397326867013632
603393822886789120
603384176276951040
603382457765728256
603382376333320192
603382376291553280
603381645341687808
603381468279234561
603376533856591874
603376388842737664
603375400455172096
603372818680651776
603372030273064960
603369494749163522
603369079756296192
603360818835492864
603358050095898624
603356906317545472
603353966617952256
603338422200197120
603338040845541376
603336878335492096
603335842132848640
603333514444939265
603331838312980480
603320510081015808
603316859493027842
603299407363080192
603296721922334721
603294555434254336
603294191725125632
603292153666666496
603291922808107010
603291880676294657
603285113816764416
603277745204822016
603276179794055169
603275417957588992
603274482581508096
603272152226332672
603271952724262912
603271882444419072
603270982308990976
603270811269607424
603268886507618304
603268768769290240
603268687093719041
603268200902590466
603267464550551553
603267318240702464
603265785922854912
603265451100086272
603265291510915074
603262708612505600
603251795490578432
603251394598936577
603249033696714753
603248438235529216
603248025213906944
603247948147752960
603247183593222144
603244006131261440
603243085670154240
603236321675456512
603235893160247296
603234512219185153
603221847732158465
603218407207653376
603198306387365888
603193880524099586
603192566880808961
603192367810813954
603144056986828800
603129554438225920
603125944950358016
603121990803685376
603121447066869760
603080243696390145
603077689742864385
603070475586134016
603063634344878081
603061702863761408
603050585584074752
603045962609598465
603044764435554304
603039270727626753
603032251576754176
603031984906981376
603031655062712320
603030792516669440
603030598970540033
603030345349472257
603029573790490624
603029538310758400
603028744383639553
603024762571333632
603023801475969024
603021314366910465
603020175223365634
603019442495180800
603018315213090816
603017226938130432
603016585498886144
603008264884719616
603003352859807744
603001464139751424
603001327929593857
602993224806830080
602992362189692929
602988039212675072
602986944725790720
602986595986182144
602985996355969025
602984211000229888
602983955890049024
602983752768294912
602983167532871680
602982671397036032
602982067111108608
602980654331072512
602979276707725312
602978510043512832
602978187908390912
602977647875006464
602977344018583553
602977055320350723
602975514496602113
602975292928458752
602973830064295937
602969943630417920
602969701124177921
602969161254490112
602968572797681664
602966078243753984
602965487505440768
602965124341719040
602964624233734144
602964076462002176
602963668662267905
602963046299017216
602962438926036993
602961768340660226
602961655115415553
602960818578132992
602960781085437952
602960306919219200
602960102979674112
602959975586131969
602959662917373952
602959662258888704
602959557917310977
602957037983703040
602954723164037120
602954565403672576
602953782725484545
602952748112351232
602950974307700736
602950309489602561
602946825457422337
602945605892231168
602945057734447104
602943810713321472
602943491728121858
602943337344139265
602943094644985858
602942212482019329
602942072493047808
602941625933914112
602941539455672321
602941516567412737
602941287327780864
602941163423694848
602941147833479168
602940361334333440
602939076455444482
602938589492715521
602938464665894912
602938364816396290
602938195706138624
602938137011232769
602937887835951106
602937730104860672
602937548810387456
602937346401636353
602937338503766016
602934638693228544
602928938797662208
602926910860087296
602924517212758018
602922350858743808
602922336438870017
602921266211749888
602920443499057152
602920180910563328
602920021526974464
602919633667104768
602919308197548032
602919304019976193
602919030505242624
602918939211927553
602908666791100418
602908215156744192
602905279907246080
602903978041581568
602903397092761602
602902618013315072
602902099710513152
602902070690238464
602899466887147520
602898553711788032
602897892496416768
602893024633495552
602892976700948481
602830149726314496
602828592637173761
602820265643548672
602819952375136257
602808460577775617
602807543203647488
602786217348988928
602779126320226304
602775344362422272
602764232115924992
602762668902993920
602756482636087297
602752377733545985
602751317186973696
602749754389372928
602748225209167872
602748069889769472
602746781894479872
602745946250694656
602745786883964928
602745554532171776
602745297186361344
602744875432415232
602744242742566912
602743525537550336
602743498249359360
602743136687935488
602743113963020288
602741489991438336
602728621971636224
602716614212059136
602703965273358336
602689952808239104
602687609148604418
602686948503871488
602686777422286849
602686562854371328
602686384177020928
602683769074638848
602679880002576384
602668651976724480
602667300609626113
602666912133156864
602666574047129601
602666538915627008
602666374708604928
602666110773628929
602665841813917696
602665770267516928
602665319279104001
602664902382231552
602664216491728896
602663689603264513
602663607650889730
602661933494312960
602661808369893376
602661587409768448
602661418970718208
602661207145730048
602660954464071680
602659680238710784
602659258958622720
602658438347431936
602656972975054848
602656722545672193
602655548991901696
602655299074404352
602655237694951424
602652383357710336
602652086774300672
602651432081231872
602648655753969665
602647123432091649
602644604249247744
602642569395179520
602641737119436800
602641212517003264
602640989598060544
602640800799830017
602640369931702272
602639633776844800
602639602042548224
602639421276577792
602639168020316160
602638776536604672
602638231771963394
602634981731606528
602634006547603459
602633659343077376
602632060600094720
602631513239396352
602630556204081152
602630179371032576
602629525827104768
602626891745337344
602626672362323968
602621385966526464
602619543429586945
602619271269588993
602619219432251394
602619067090931714
602618447160217600
602618425253437440
602617889703624705
602617126705238017
602615987351883776
602615838068211712
602615745097248768
602615356176207872
602614911269605376
602613443343048706
602612484487393280
602612332183846912
602612318967574528
602611878846574593
602611767165001730
602611692732747776
602611147271839745
602610963104149504
602610293726818304
602610084997398528
602609988226318336
602609712299773952
602609695228985344
602609574374285313
602609518082543616
602609502181961728
602609419830988800
602609206575931393
602608974702182400
602608391987527680
602608171388051456
602608041683460096
602607808979214338
602607505026338816
602606926740987904
602606693827145730
602606418743599104
602606323390263296
602606205169569793
602606099024486401
602605937023688704
602605843788525568
602605718731038721
602605631330193408
602605572706410496
602605447493885952
602605112188502016
602604932529672194
602604835536564224
602604796382748673
602604534544760832
602601955077140480
602601858348158977
602601518953467904
602600573423095808
602600192022450176
602599751440211968
602599035782893570
602599035489243137
602598923992231938
602598607137546240
602598164974174208
602597534209548288
602597346850033664
602596907114856448
602596594173751297
602596508744155137
602595363430604802
602595079836958720
602594910055702528
602594679897530368
602594677653577728
602594380319449089
602594176203628544
602594157601820672
602593969323802629
602593921823301633
602593736862912512
602593722128207873
602593615311872000
602593334914232320
602593308741935105
602593189141172224
602593113480167424
602592883762274304
602592752891625472
602592679348711424
602592647451156480
602592590400065536
602592194575388672
602591969999654912
602591946436141056
602591663421198336
602591645498933248
602591637798137856
602591491068944384
602591409070280704
602591203155050496
602591019125874690
602590975890890752
602590680527949824
602590571413123072
602590445424672768
602590327690686465
602590300809330689
602590134408585217
602589999993860097
602589966561054721
602589860017221632
602589711400448000
602589485021409280
602589359221575680
602588952596385792
602588713017708544
602588643853803521
602588598563508224
602588511796002817
602587985750536192
602587912484614144
602587722822393856
602587280344096768
602587072671719424
602587007500439553
602586733419433985
602586683494637568
602586577211129860
602586410210623488
602586330837569536
602585852800172032
602585342735155202
602583852012306432
602583706616795136
602581984263581696
602581963745157120
602581680843583489
602580004644331520
602579570387230721
602579436773376001
602576794630238208
602576620902293505
602576186774921218
602576081057546242
602575759631392768
602574950927466497
602574841212899328
602574055007526913
602573207397367809
602572953163845632
602572905529081857
602570851360247808
602570632346411010
602569609150074881
602569167334612992
602568710927286273
602568694363983872
602568352968630274
602568161066553345
602567869218430976
602567187866357760
602566727914770432
602566216553725952
602565169525313536
602564767086149632
602563842447511552
602563549878030336
602562461317791744
602562208795664385
602561576160391168
602560626242756608
602560393031110656
602559577641525249
602559296656842754
602558665845903360
602557541038428160
602557004314497024
602556689334702080
602556501316620288
602556456345284608
602556257845805056
602555499725258752
602555071306473472
602554620746080256
602554452092944384
602553446684733440
602552595962470400
602552396926033920
602551044359344128
602551011719380992
602550061818490880
602549886781906946
602548431203078145
602546107789479936
602545615558541313
602545448071647233
602545271579418626
602544528474517504
602544474741309441
602543888235008000
602543661105225729
602543601608892416
602543515202125824
602543207126204416
602543152461905921
602542245028470785
602540693261713408
602540538118729730
602540032671387650
602536944468262912
602536039807254528
602535804280397824
602535793492537347
602535670058504192
602535448125247489
602531198649241601
602529580117692417
602528084844158976
602525891814694913
602523447223287808
602523345012314112
602523330072158208
602523298061123584
602522715870855168
602522346209947648
602522195336761344
602521921750573056
602521125281800192
602521083187568641
602520906120835072
602519965594324992
602519824099516416
602519304614125568
602519017320886274
602518933611118592
602518811632271361
602518657407787009
602518636884951040
602518461764345858
602518349596200961
602518318759673856
602516448498487297
602515120078659584
602506694476713986
602506616957739009
602505630516150272
602504685170388992
602503232926023681
602502137973743616
602501239734022144
602500865149177856
602500629043417090
602500460029747201
602499564579332099
602498231600345088
602497380500537344
602497257288511489
602496764931756032
602496686343065600
602496358272999424
602496354146000897
602495344694448128
602495067052347393
602494892485451776
602494799330070528
602494248756252673
602493996259217410
602493707800158208
602493690230284288
602493584215007232
602493273052164096
602492848450117632
602492515514593280
602492337688879104
602492216670453760
602492176237461505
602491845881434114
602491796342476801
602491764302336000
602491273803501568
602490904956436481
602490876535840768
602490706389794816
602490108546252801
602489497994027009
602489482990919680
602488998850756608
602488931456839681
602488344531103745
602487847505895424
602487310274457600
602487213503352834
602487195400822784
602487089431707648
602487087733022720
602486977917808641
602486762305380352
602486534026170370
602486522303021057
602486488643678208
602486244430446592
602486062980599808
602486049177219072
602485668070203392
602383189382930432
602369346929696768
602346914873475072
602345891677147136
602336104000389121
602318135299940352
602316913797111808
602315701538414593
602315663336742913
602292799048785920
602274836078055425
